longitude: 4.9558081
latitude: 52.3545352
